24x24
000000000000000000000000
111111001111111100111111
000001001000000100100000
000001001000000100100000
011111111110011111111110
010000001010010100000010
010111111011110111111010
010100001000000100001010
011111001111111100111110
000001001001100100100000
011111001011110100111110
010001111000000111100010
011101001111111100101110
000101000100001000101000
110101000100001000101011
110111111100001111111011
000100000100001000001000
111111101111111101111111
000100101000000101001000
011100111110011111001110
010000100010010001000010
010000100010010001000010
011111111111111111111110
000000000000000000000000
(12, 12)
(10, 10);(10, 11);(10, 12);(10, 13)
(14, 0);(14, 1);(15, 0);(15, 1);(14, 22);(14, 23);(15, 22);(15, 23);(1, 0);(1, 1);(1, 2);(1, 3);(1, 4);(1, 5);(1, 18);(1, 19);(1, 20);(1, 21);(1, 22);(1, 23);(17, 0);(17, 1);(17, 2);(17, 21);(17, 22);(17, 23);(8, 8);(8, 9);(8, 10);(8, 11);(8, 12);(8, 13);(8, 14);(8, 15);(12, 8);(12, 9);(12, 10);(12, 11);(12, 12);(12, 13);(12, 14);(12, 15);(9, 8);(10, 8);(11, 8);(9, 15);(10, 15);(11, 15);(9, 11);(9, 12)