24x24
000000000000000000000000
011111111111111111111110
010100010000000010001010
010100010111111010001010
010111110100001011111010
010001010101101010100010
011111011101101110111110
000100000100001000001000
110111011111111110111011
000101010001100010101000
111101110111111011101111
000001110111111011100000
111101010111111010101111
000101010000000010101000
110111011111111110111011
110101000010010000101011
110101111110011111101011
000100001010010100001000
011111111011110111111110
010000101000000101000010
010111101111111101111010
010100000010010000001010
011111111110011111111110
000000000000000000000000
(18, 12)
(11, 10);(11, 11);(11, 12);(11, 13)
(10, 9);(10, 10);(10, 11);(10, 12);(10, 13);(10, 14);(12, 9);(12, 10);(12, 11);(12, 12);(12, 13);(12, 14);(11, 9);(11, 14);(9, 11);(9, 12);(5, 11);(5, 12);(6, 11);(6, 12);(8, 0);(8, 1);(8, 22);(8, 23);(14, 0);(14, 1);(14, 22);(14, 23);(15, 0);(15, 1);(15, 22);(15, 23);(15, 0);(15, 1);(15, 22);(15, 23);(10, 6);(10, 7);(11, 6);(11, 7);(10, 16);(10, 17);(11, 16);(11, 17);(8, 7);(8, 8);(8, 9);(8, 10);(8, 11);(8, 12);(8, 13);(8, 14);(8, 15);(8, 16);(14, 7);(14, 8);(14, 9);(14, 10);(14, 11);(14, 12);(14, 13);(14, 14);(14, 15);(14, 16);(9, 7);(12, 7);(13, 7);(9, 16);(12, 16);(13, 16);(16, 0);(16, 1);(16, 22);(16, 23)